0034971553167
00390118316066
01602662454
01757171271
02038378619
021124845455
022035710610
022178870118
03078783118
03093254196587
03093254196587
03518767799
040356750190
040369369
04078852312
05089124
050892351
05341256639523
0571982541736
0611157654
06119996083
061316373100
064312122168
064319090195
064319090199
06912006220000
06912006220001
06912006220002
06912006220003
06912006220004
06912006220005
06912006220006
06912006220007
06912006220008
06912006220009
06912006220010
06912006220011
06912006220012
06912006220013
06912006220014
06912006220015
06912006220016
06912006220017
06912006220018
06912006220019
06912006220020
06912006220021
06912006220022
06912006220023
06912006220024
06912006220025
06912006220026
06912006220027
06912006220028
06912006220029
06912006220030
06912006220031
06912006220032
06912006220033
06912006220034
06912006220035
06912006220036
06912006220037
06912006220038
06912006220039
06912006220040
06912006220041
06912006220042
06912006220043
06912006220044
06912006220045
06912006220046
06912006220047
06912006220048
06912006220049
06912006220050
06912006220051
06912006220052
06912006220053
06912006220054
06912006220055
06912006220056
06912006220057
06912006220058
06912006220059
06912006220060
06912006220061
06912006220062
06912006220063
06912006220064
06912006220065
06912006220066
06912006220067
06912006220068
06912006220069
06912006220070
06912006220071
06912006220072
06912006220073
06912006220074
06912006220075
06912006220076
06912006220077
06912006220078
06912006220079
06912006220080
06912006220081
06912006220082
06912006220083
06912006220084
06912006220085
06912006220086
06912006220087
06912006220088
06912006220089
06912006220090
06912006220091
06912006220092
06912006220093
06912006220094
06912006220095
06912006220096
06912006220097
06912006220098
06912006220099
06933399031360
06934878197
07816394700
08007243035
0800724508013
0800724508015
089143773
